nmf: 0.22097812457690053
kmeans: 0.15432929255571812
