nmf: 0.28136099019122984
kmeans: 0.1566071609215912
