nmf: 0.07336414982253457
kmeans: 0.08107126090866214
