nmf: 0.29789277684138615
kmeans: 0.1705593980952209
