nmf: 0.12107425992500827
kmeans: 0.016728405537633263
