nmf: 0.05611440551739259
kmeans: 0.044070735354689076
