nmf: 0.1639060202785992
kmeans: 0.27768153361834924
