nmf: 0.12051721435171166
kmeans: 0.19922237542095225
