nmf: 0.2931374677490028
kmeans: 0.1070617860733282
