nmf: 0.9000981474888725
kmeans: 0.9000981474888725
