nmf: 0.1883801948678327
kmeans: 0.2265933017159444
