nmf: 0.17258428960095287
kmeans: 0.02086670537084684
