nmf: 0.5356886176773346
kmeans: 0.5487754130659348
