nmf: 0.17093672272516616
kmeans: 0.25600845739347167
